s01:0.3232705151337337
s02:0.47923457298812133
s03:0.9079469401142735
s05:0.16194081487619827
s06:0.07696003941711904
s07:0.5367111417063671
s08:0.5800736161556879
s09:0.4369042593701561
s10:0.5137628948095403
s11:0.17086208491003796
s12:0.9643357802004681
