k0:0.7490393255049551
k1:0.6754161807691208
k2:0.754572675174025
k3:0.3278931055016542
k4:0.5970734232321978
k5:0.1587328497668905
k6:0.6466552645037853
k7:0.11425298219185298
k8:0.5183174646130103
k9:0.15543526849788014
k10:0.9872080854526536
k11:0.10132003192125238
k12:0.7193958244226344
k13:0.1624555734404941
