k0:0.8365716203607142
k1:0.10245155571532849
k2:0.2863369802813589
k3:0.9350397653427476
k4:0.8094103386316474
k5:0.9196233213913817
k6:0.48306015224820975
k7:0.5226012314674464
k8:0.05263597664600572
k9:0.6028429398771186
k10:0.6251781489466751
k11:0.36632723645794696
k12:0.9051091351466078
k13:0.7010970961535548
