s1:0.0004209239039961732
s2:0.06344933084200133
s3:0.9603634533805867
s4:0.7990593179439686
s5:0.2696030720576955
s6:0.7619327819875652
s7:0.3255442536709786
s8:0.9473649245145499
s9:0.5532492833612326
s10:0.042762117707064284
s11:0.9354295849597527
s12:0.38438242634140474
