k0:0.034957502295654086
k1:0.7408352288594252
k2:0.8857338950825087
k3:0.29581105447379075
k4:0.5525296138157958
k5:0.4930184605339266
k6:0.4140970480569587
k7:0.49393952029081223
k8:0.030328654519976683
k9:0.07819379470738785
k10:0.7916147372930262
k11:0.34216923473336924
k12:0.005730931018257057
k13:0.4572630088388524
