s01:0.7710784976343381
s02:0.9352707900897645
s03:0.46455254071719676
s04:0.8808243323126818
s05:0.8359574719782601
s06:0.5377088424109383
s07:0.7538693051142954
s08:0.6572988610811527
s09:0.8654567098243281
s10:0.42895116500685015
s11:0.49878383648844615
s12:0.6774472369142088
